      0/99        0G      0.11    0.0359   0.02777    0.1737        32       448 0.0009444    0.0709 0.0001309 1.616e-05   0.09742   0.03759   0.02602
      1/99        0G    0.1029   0.04028   0.02597    0.1691        27       448  0.001056    0.1674 0.0003023 4.491e-05   0.09424   0.03927   0.02491
      2/99        0G    0.1006   0.03971   0.02457    0.1648        15       448 0.0008889   0.06756 8.709e-05 1.772e-05   0.09219   0.04017   0.02399
      3/99        0G   0.09823   0.04105   0.02352    0.1628        26       448  0.005196    0.0122   0.01398  0.002787     0.091   0.04066   0.02321
      4/99        0G   0.09703   0.04239   0.02245    0.1619        20       448    0.0051   0.06205  0.001792 0.0002981   0.09034   0.04088   0.02251
      5/99        0G    0.0961   0.04242   0.02169    0.1602        24       448    0.6233    0.0122  0.005401  0.001106   0.09518   0.03969    0.0222
      6/99        0G   0.09508   0.04509   0.02142    0.1616        30       448    0.0709    0.0122   0.00359 0.0004252   0.09678   0.03984   0.02323
      7/99        0G   0.09408   0.04308   0.02043    0.1576        19       448    0.0277   0.02439   0.01066  0.001939   0.09583    0.0393    0.0226
      8/99        0G   0.09373   0.04443   0.02016    0.1583        27       448   0.01874   0.03659   0.00554  0.001924   0.09305   0.04146   0.02211
      9/99        0G   0.09306   0.04522   0.02014    0.1584        38       448    0.5585   0.02439   0.01191  0.006252   0.09117   0.04299   0.02139
     10/99        0G   0.09207   0.04375   0.01886    0.1547        31       448   0.01618    0.2061   0.00671  0.001775   0.08668   0.04201   0.01928
     11/99        0G   0.09108   0.04082   0.01815    0.1501        15       448   0.02909    0.2106   0.00825  0.002336   0.08404   0.04234   0.01826
     12/99        0G   0.09026   0.04109   0.01738    0.1487        12       448    0.5749   0.09756   0.03192  0.006907   0.08343   0.04151   0.01638
     13/99        0G   0.08786    0.0432   0.01625    0.1473        17       448   0.08835    0.2902   0.03919  0.008719   0.08166   0.03962   0.01566
     14/99        0G   0.08669   0.04228    0.0144    0.1434        18       448    0.2315    0.2237    0.1381   0.03481    0.0791   0.03679   0.01159
     15/99        0G   0.08268   0.04113   0.01268    0.1365        38       448     0.205    0.2489    0.1148   0.02164   0.07647   0.03679  0.009464
     16/99        0G   0.07863   0.04016   0.01108    0.1299        25       448     0.253    0.2945    0.1488   0.04299   0.07191   0.03594  0.009119
     17/99        0G   0.07805   0.03864   0.01059    0.1273        29       448    0.2556    0.5158    0.2544   0.06418   0.06965     0.037   0.00794
     18/99        0G   0.07501   0.03791  0.009003    0.1219        21       448    0.4135    0.4096    0.3052   0.08498   0.07252   0.03277  0.007198
     19/99        0G   0.07583   0.03995  0.008622    0.1244        28       448    0.3238    0.3809    0.3032   0.08769   0.07225   0.03435  0.007278
     20/99        0G   0.07437   0.03786  0.008273    0.1205        21       448    0.3396    0.5471    0.3101   0.08185   0.06891   0.03374  0.007895
     21/99        0G   0.07435   0.03665  0.007878    0.1189        17       448     0.536    0.3775    0.3286     0.077   0.07435   0.03265  0.006129
     22/99        0G   0.07193    0.0373  0.007976    0.1172        25       448    0.3148     0.565    0.3304   0.09524   0.06561   0.03454   0.00742
     23/99        0G   0.07081    0.0361  0.007522    0.1144        25       448    0.3911    0.5161    0.3757    0.1034   0.06455     0.031  0.006184
     24/99        0G   0.06945   0.03549  0.006351    0.1113        32       448    0.5004    0.4439    0.3743    0.1079   0.06247    0.0335  0.005241
     25/99        0G   0.06916   0.03477   0.00653    0.1105        23       448    0.3801    0.5912    0.4416     0.119   0.06479   0.03262   0.00401
     26/99        0G   0.06726   0.03497   0.00633    0.1086        29       448    0.3974     0.487    0.3836    0.1196   0.06179   0.03095  0.005626
     27/99        0G   0.06826   0.03551  0.006273      0.11        28       448    0.4967    0.4773    0.4556    0.1241   0.06286   0.03985  0.006549
     28/99        0G   0.06717   0.03424   0.00606    0.1075        29       448    0.3886    0.5576    0.3745    0.1115   0.05921   0.03479  0.006133
     29/99        0G    0.0663   0.03306  0.006067    0.1054        18       448    0.3828    0.5175    0.4072    0.1197   0.06112   0.03172  0.004841
     30/99        0G   0.06601   0.03481   0.00551    0.1063        39       448    0.3633    0.5487    0.3109    0.0669   0.07221    0.0293  0.006054
     31/99        0G   0.06569   0.03335  0.006075    0.1051        27       448    0.5298    0.5968    0.5373    0.1734   0.05518   0.02853  0.004007
     32/99        0G   0.06635   0.03486  0.005542    0.1068        27       448    0.4819     0.631    0.5213    0.1767   0.05523   0.02884  0.003674
     33/99        0G   0.06419   0.03306  0.004931    0.1022        22       448    0.4661    0.5529    0.4438    0.1171   0.06964   0.03009  0.004649
     34/99        0G   0.06285   0.03276  0.005133    0.1007        25       448    0.6397    0.6143    0.6242    0.2182    0.0522   0.03384   0.00442
     35/99        0G   0.06213   0.03448   0.00495    0.1016        28       448    0.5434    0.6411    0.6171    0.2142   0.05296   0.02721  0.003232
     36/99        0G   0.06301   0.03211  0.004876       0.1        22       448    0.7247    0.7261    0.7542    0.2638   0.05117   0.02733  0.003987
     37/99        0G   0.05986   0.03124  0.004602    0.0957        17       448    0.6547    0.7166    0.6647    0.2264   0.05478   0.02684  0.003493
     38/99        0G   0.06097   0.03425  0.004568   0.09979        59       448    0.6512    0.7039    0.7156    0.2588   0.05026   0.02752  0.002812
     39/99        0G   0.05776   0.03097  0.004553   0.09329        15       448    0.7335    0.6515    0.7288    0.2324   0.05109   0.03727  0.003227
     40/99        0G   0.05812   0.03183  0.004687   0.09464        29       448    0.6528    0.6977    0.7037    0.2619   0.05086   0.02733  0.003053
     41/99        0G   0.05653   0.03277  0.004635   0.09393        23       448    0.7634     0.729     0.805    0.2783   0.05073   0.02561  0.003197
     42/99        0G   0.05598   0.03134  0.004671   0.09199        27       448    0.6736    0.7974    0.7616    0.2913   0.04945   0.02742  0.003306
     43/99        0G   0.05468    0.0298  0.004447   0.08893        27       448     0.745    0.8189    0.8192    0.3116    0.0479    0.0255  0.002765
     44/99        0G   0.05569    0.0316  0.004163   0.09145        41       448    0.7279    0.7365    0.7671    0.2768   0.05114   0.02452  0.002921
     45/99        0G   0.05376   0.03058   0.00355   0.08789        20       448    0.6918    0.7874    0.7682    0.2771   0.04915   0.02511  0.002759
     46/99        0G   0.05279   0.02864  0.003631   0.08506        12       448    0.7538    0.7667    0.8366     0.332   0.04739   0.02499  0.002884
     47/99        0G   0.05215   0.03057  0.003876   0.08659        20       448    0.8518    0.7054    0.8322    0.2811   0.05234   0.02439  0.004502
     48/99        0G   0.05125   0.02935  0.003977   0.08458        17       448    0.7606    0.7962    0.8372     0.318   0.04694   0.02432    0.0029
     49/99        0G   0.05115    0.0307  0.003886   0.08573        21       448    0.7823    0.7467    0.7987    0.3169   0.04877   0.02495  0.002953
     50/99        0G   0.04973   0.03048  0.003155   0.08336        24       448    0.8935    0.7764    0.8834     0.351   0.04524   0.02382  0.002938
     51/99        0G   0.04874    0.0289  0.003438   0.08108        20       448    0.8793    0.7575    0.8833    0.3664   0.04521   0.02421  0.003262
     52/99        0G   0.05015    0.0299  0.003679   0.08373        32       448    0.9286    0.7608    0.8809    0.3541   0.04468   0.02338  0.002512
     53/99        0G   0.04763   0.02854  0.003643   0.07982        31       448    0.8615    0.7686    0.8345    0.3264   0.04715   0.02465  0.003065
     54/99        0G   0.04775   0.02909  0.003364   0.08021        25       448    0.8202    0.8556    0.8909    0.3672   0.04502   0.02267  0.002467
     55/99        0G   0.04585   0.03034  0.003422   0.07961        28       448    0.8275    0.8491    0.8771    0.3677   0.04501   0.02386  0.002489
     56/99        0G   0.04821    0.0278  0.003286    0.0793        15       448    0.9081    0.7907    0.8815    0.3823   0.04465   0.02292  0.002689
     57/99        0G   0.04626   0.02988  0.003058    0.0792        25       448    0.8753    0.8187    0.8919    0.3726   0.04525    0.0226   0.00264
     58/99        0G   0.04646   0.02805   0.00332   0.07783        17       448    0.9074     0.868    0.9184    0.4016   0.04347   0.02198  0.002325
     59/99        0G   0.04528    0.0277  0.003307   0.07629        32       448    0.8282    0.8594    0.8799    0.3938   0.04404    0.0234  0.002447
     60/99        0G   0.04548   0.02907  0.003078   0.07763        23       448    0.8257    0.8505    0.8954    0.3654   0.04493   0.02236  0.002261
     61/99        0G   0.04447   0.02859  0.002995   0.07606        29       448    0.8794    0.8406    0.9017    0.4047   0.04418   0.02327  0.002414
     62/99        0G   0.04426    0.0275  0.003145    0.0749        23       448    0.8871    0.8186     0.888    0.3783   0.04449   0.02313  0.003873
     63/99        0G   0.04647   0.02843  0.002504    0.0774        36       448    0.9049    0.8029    0.8847    0.3812   0.04695   0.02293  0.003277
     64/99        0G   0.04356   0.02729  0.002555   0.07341        28       448    0.8615     0.868    0.9112     0.374   0.04349   0.02268   0.00257
     65/99        0G   0.04244   0.02719  0.002891   0.07252        19       448    0.9191    0.7852    0.9037     0.391   0.04352   0.02249  0.002886
     66/99        0G   0.04353   0.02884  0.003041   0.07541        33       448    0.8877    0.8417    0.9027    0.4086   0.04327   0.02202  0.002679
     67/99        0G   0.04312   0.02871  0.002621   0.07445        28       448    0.8946    0.8029    0.8981    0.4034   0.04475   0.02285  0.002545
     68/99        0G   0.04374   0.02686  0.002728   0.07333        23       448    0.9488    0.8085     0.914    0.3997   0.04547   0.02281  0.002858
     69/99        0G   0.04235   0.02599   0.00299   0.07134        41       448    0.9256    0.8185    0.9188    0.4259   0.04261   0.02223  0.002778
     70/99        0G   0.04188   0.02669  0.002793   0.07137        18       448    0.9463    0.8063    0.9161    0.4398   0.04217   0.02213   0.00304
     71/99        0G    0.0416    0.0268  0.002079   0.07048        28       448    0.8393    0.8539    0.9002    0.4099   0.04388    0.0228  0.003964
     72/99        0G   0.04202     0.028  0.002764   0.07279        35       448    0.9286    0.8185      0.91    0.4164    0.0426   0.02266  0.003239
     73/99        0G   0.04195   0.02709   0.00225   0.07129        23       448    0.8667    0.8461    0.9013    0.4206   0.04262   0.02281   0.00228
     74/99        0G   0.04091   0.02683  0.002265      0.07        20       448    0.8691    0.8326    0.8871    0.3898   0.04285   0.02249  0.002391
     75/99        0G   0.04112   0.02653  0.002205   0.06985        25       448    0.8783    0.8263    0.8956    0.3989   0.04265   0.02298  0.002898
     76/99        0G   0.03988     0.025  0.002523    0.0674        13       448    0.9206    0.8052    0.8986    0.4162   0.04254   0.02261  0.003149
     77/99        0G   0.03941   0.02619  0.002358   0.06795        16       448    0.9132    0.8362    0.9042    0.4155   0.04177   0.02289  0.002989
     78/99        0G   0.04028   0.02644  0.002451   0.06918        19       448    0.8522    0.8404    0.8873    0.4055   0.04234   0.02286  0.003175
     79/99        0G   0.04041   0.02515  0.003027   0.06859        22       448    0.8873    0.7864    0.9075    0.4177    0.0424   0.02308   0.00276
     80/99        0G   0.03961   0.02613   0.00245   0.06819        14       448    0.9225    0.8066    0.9175    0.4371   0.04161   0.02223  0.002576
     81/99        0G   0.03902   0.02667  0.002419   0.06811        35       448    0.8186    0.8172    0.8673    0.4027   0.04326   0.02272  0.002391
     82/99        0G   0.03971   0.02632  0.002072    0.0681        35       448    0.9223    0.7997    0.9041    0.4184   0.04155   0.02253  0.002812
     83/99        0G   0.03901   0.02462  0.002041   0.06567        25       448    0.8459    0.8481     0.904    0.4103   0.04267   0.02237  0.003159
     84/99        0G    0.0388   0.02497  0.001882   0.06565        21       448     0.963    0.7903    0.9119    0.4454   0.04147   0.02221  0.002855
     85/99        0G   0.03766   0.02605  0.002309   0.06602        35       448    0.8727    0.8185    0.8942    0.4267   0.04193   0.02255  0.002473
     86/99        0G   0.03782   0.02502  0.002148   0.06499        23       448    0.9609    0.7661     0.899    0.4261   0.04207   0.02226  0.002057
     87/99        0G   0.03783   0.02442  0.001836   0.06408        17       448    0.8531    0.8443    0.8846    0.4139   0.04218   0.02266  0.002618
     88/99        0G   0.03814   0.02404  0.002379   0.06456        16       448    0.8796     0.814     0.877    0.4205   0.04185   0.02248  0.003049
     89/99        0G   0.03786    0.0251  0.002623   0.06558        16       448    0.9149    0.8173      0.91    0.4229   0.04168   0.02228  0.002864
     90/99        0G   0.03816   0.02459  0.002156   0.06491        12       448     0.928    0.8174    0.9045    0.4449    0.0418   0.02258  0.002933
     91/99        0G   0.03685   0.02477  0.001919   0.06355        29       448    0.9258    0.8413    0.9145    0.4261   0.04127   0.02205  0.002692
     92/99        0G   0.03759   0.02631  0.002361   0.06627        31       448    0.8772    0.8337    0.8911    0.4241   0.04187   0.02265  0.002762
     93/99        0G    0.0378   0.02462  0.001656   0.06408        38       448    0.8661     0.845    0.9006    0.4307   0.04186   0.02253  0.002839
     94/99        0G   0.03859   0.02482  0.002155   0.06557        24       448     0.866    0.8804    0.9111    0.4232    0.0416   0.02231  0.002717
     95/99        0G   0.03738   0.02389  0.001815   0.06308        25       448    0.9139    0.8008    0.9159    0.4399    0.0414   0.02274  0.002845
     96/99        0G    0.0375   0.02449   0.00225   0.06424        18       448    0.8721    0.8382    0.9097    0.4384   0.04185   0.02286  0.002775
     97/99        0G   0.03691   0.02499  0.002036   0.06394        10       448    0.9161    0.8261    0.8964    0.4303   0.04133   0.02252  0.002744
     98/99        0G   0.03729   0.02565  0.001705   0.06464        29       448    0.8721    0.8482    0.8905    0.4325   0.04147   0.02262  0.003187
     99/99        0G   0.03615   0.02544  0.002499   0.06409        31       448    0.9125    0.8218    0.8946    0.4475   0.04104   0.02265  0.002677
